[20, 20]
[20, 21]
[20, 22]
[20, 23]
[20, 24]
[20, 25]
[20, 26]
[20, 27]
[20, 28]
[20, 29]
[20, 30]
[20, 31]
[20, 32]
[20, 33]
[20, 34]
[20, 35]
[20, 36]
[20, 37]
[20, 38]
[20, 39]
[20, 40]
[21, 20]
[21, 21]
[21, 22]
[21, 23]
[21, 24]
[21, 25]
[21, 26]
[21, 27]
[21, 28]
[21, 29]
[21, 30]
[21, 31]
[21, 32]
[21, 33]
[21, 34]
[21, 35]
[21, 36]
[21, 37]
[21, 38]
[21, 39]
[21, 40]
[20, 60]
[20, 61]
[20, 62]
[20, 63]
[20, 64]
[20, 65]
[20, 66]
[20, 67]
[20, 68]
[20, 69]
[20, 70]
[20, 71]
[20, 72]
[20, 73]
[20, 74]
[20, 75]
[20, 76]
[20, 77]
[20, 78]
[20, 79]
[20, 80]
[21, 60]
[21, 61]
[21, 62]
[21, 63]
[21, 64]
[21, 65]
[21, 66]
[21, 67]
[21, 68]
[21, 69]
[21, 70]
[21, 71]
[21, 72]
[21, 73]
[21, 74]
[21, 75]
[21, 76]
[21, 77]
[21, 78]
[21, 79]
[21, 80]
[20, 100]
[20, 101]
[20, 102]
[20, 103]
[20, 104]
[20, 105]
[20, 106]
[20, 107]
[20, 108]
[20, 109]
[20, 110]
[20, 111]
[20, 112]
[20, 113]
[20, 114]
[20, 115]
[20, 116]
[20, 117]
[20, 118]
[20, 119]
[20, 120]
[21, 100]
[21, 101]
[21, 102]
[21, 103]
[21, 104]
[21, 105]
[21, 106]
[21, 107]
[21, 108]
[21, 109]
[21, 110]
[21, 111]
[21, 112]
[21, 113]
[21, 114]
[21, 115]
[21, 116]
[21, 117]
[21, 118]
[21, 119]
[21, 120]
